Title,Time Read,Link,Date
How to Create a Lead Magnet: Key Tips for Effective Results,"9
MIN READ",https://www.distribute.so/blog-post/how-to-create-a-lead-magnet,"Oct 1, 2023"
Understanding Good Conversion Rates for a Lead Magnet,"18
MIN READ",https://www.distribute.so/blog-post/what-is-a-good-conversion-rate-for-a-lead-magnet,"Oct 1, 2023"
The Best Plugins for Lead Magnet Creation,"14
MIN READ",https://www.distribute.so/blog-post/plugins-for-lead-magnet-creation,"Oct 1, 2023"
Lead Magnet Strategies for Midlife Women,"13
MIN READ",https://www.distribute.so/blog-post/lead-in-magnet-for-midlife-women,"Oct 1, 2023"
Step-by-Step Guide on How to Download a Lead Magnet,"11
MIN READ",https://www.distribute.so/blog-post/how-to-download-a-lead-magnet,"Oct 1, 2023"
How to Create a Lead Magnet: Types of Lead Magnets,"14
MIN READ",https://www.distribute.so/blog-post/how-to-create-a-lead-magnet-types-of-lead-magnets,"Oct 1, 2023"
How to Create a Lead Magnet Page,"15
MIN READ",https://www.distribute.so/blog-post/how-to-create-a-lead-magnet-page,"Oct 1, 2023"
How to Create a High Conversion Lead Magnet,"15
MIN READ",https://www.distribute.so/blog-post/how-to-create-a-lead-magnet-conversion-rate,"Oct 1, 2023"
How to Create Lead Magnet for Gathering Contact Information,"8
MIN READ",https://www.distribute.so/blog-post/how-to-create-a-lead-magnet-contact-information,"Oct 1, 2023"
How to Create a Freebie Lead Magnet for Your Website,"14
MIN READ",https://www.distribute.so/blog-post/how-to-create-a-freebie-lead-magnet-for-your-website,"Oct 1, 2023"
How to Create a Lead Magnet Checklist,"8
MIN READ",https://www.distribute.so/blog-post/how-to-create-a-lead-magnet-checklist,"Oct 1, 2023"
Creating an Effective Quiz Lead Magnet: A Complete Guide,"13
MIN READ",https://www.distribute.so/blog-post/quiz-lead-magnet,"Oct 1, 2023"
Creating an Effective Lead Magnet Video,"14
MIN READ",https://www.distribute.so/blog-post/lead-magnet-video,"Oct 1, 2023"
Mastering the Lead Magnet Generator: A Comprehensive Guide,"14
MIN READ",https://www.distribute.so/blog-post/lead-magnet-generator,"Oct 1, 2023"
Crafting the Perfect Lead Magnet Email Sequence,"11
MIN READ",https://www.distribute.so/blog-post/lead-magnet-email-sequence,"Oct 1, 2023"
Lead Magnet Design Templates: Your Blueprint for Success,"12
MIN READ",https://www.distribute.so/blog-post/lead-magnet-design-template,"Oct 1, 2023"
Lead Magnet Delivery: An Essential Guide,"10
MIN READ",https://www.distribute.so/blog-post/lead-magnet-delivery,"Oct 1, 2023"
Creating a Lead Magnet in Canva,"11
MIN READ",https://www.distribute.so/blog-post/creating-a-lead-magnet-in-canva,"Oct 1, 2023"
Writing a Killer Author Bio for a Lead Magnet,"13
MIN READ",https://www.distribute.so/blog-post/writing-a-killer-author-bio-for-a-lead-magnet,"Oct 1, 2023"
What's a Good Lead Magnet for Ecommerce?,"10
MIN READ",https://www.distribute.so/blog-post/whats-a-good-lead-magnet-for-ecommerce,"Oct 1, 2023"
What Should be the Lead Magnet for a T-Shirt Company,"10
MIN READ",https://www.distribute.so/blog-post/what-shold-be-the-lead-magnet-for-a-t-shirt-company,"Oct 1, 2023"
Lead Magnet Sign Up for a Free: A Comprehensive Guide,"14
MIN READ",https://www.distribute.so/blog-post/lead-magnet-sign-up-for-a-free,"Oct 1, 2023"
Creating a Lead Magnet Page on ClickFunnels,"11
MIN READ",https://www.distribute.so/blog-post/lead-magnet-page-for-clickfunnels,"Oct 1, 2023"
Lead Magnet Ideas for Travel Business,"12
MIN READ",https://www.distribute.so/blog-post/lead-magnet-ideas-for-travel-business,"Oct 1, 2023"
Lead Magnet Ideas for Marketing Agencies,"13
MIN READ",https://www.distribute.so/blog-post/lead-magnet-ideas-for-marketing-agencies,"Oct 1, 2023"
Lead Magnet Ideas for Freelance Writers,"12
MIN READ",https://www.distribute.so/blog-post/lead-magnet-ideas-for-freelance-writers,"Oct 1, 2023"
Lead Magnet Ideas for Divorce Attorneys,"9
MIN READ",https://www.distribute.so/blog-post/lead-magnet-ideas-for-divorce-attorney,"Oct 1, 2023"
A Guide to Creative Lead Magnet Ideas Tailored for Authors,"14
MIN READ",https://www.distribute.so/blog-post/lead-magnet-ideas-for-authors,"Oct 1, 2023"
Lead Magnet Ideas for Accountants,"11
MIN READ",https://www.distribute.so/blog-post/lead-magnet-ideas-for-accountants,"Oct 1, 2023"
Creating a Lead Magnet for Top of Your Website,"12
MIN READ",https://www.distribute.so/blog-post/lead-magnet-for-top-of-website,"Oct 1, 2023"
Creating an Effective Lead Magnet for SaaS Businesses,"12
MIN READ",https://www.distribute.so/blog-post/lead-magnet-for-saas,"Oct 1, 2023"
Creating an Attractive Lead Magnet for Restaurants,"6
MIN READ",https://www.distribute.so/blog-post/lead-magnet-for-restaurants,"Oct 1, 2023"
Creating a Lead Magnet for Lawyers: A Comprehensive Guide,"14
MIN READ",https://www.distribute.so/blog-post/lead-magnet-for-lawyers,"Oct 1, 2023"
Creating an Effective Lead Magnet for Insurance Agents,"8
MIN READ",https://www.distribute.so/blog-post/lead-magnet-for-insurance-agents,"Oct 1, 2023"
Creating a Compelling Lead Magnet for Health Coaches,"14
MIN READ",https://www.distribute.so/blog-post/lead-magnet-for-health-coaches,"Oct 1, 2023"
Creating an Effective Lead Magnet for Dentists,"11
MIN READ",https://www.distribute.so/blog-post/lead-magnet-for-dentists,"Oct 1, 2023"
Creating a Lead Magnet for Car Dealerships,"12
MIN READ",https://www.distribute.so/blog-post/lead-magnet-for-car-dealership,"Oct 1, 2023"
Lead Magnet Examples for Life Coaches,"11
MIN READ",https://www.distribute.so/blog-post/lead-magnet-examples-for-life-coaches,"Oct 1, 2023"
The Ultimate Guide to Writing Lead Magnet Content,"11
MIN READ",https://www.distribute.so/blog-post/how-to-write-lead-magnet-content,"Oct 1, 2023"
How to Use Dropbox for Lead Magnet,"11
MIN READ",https://www.distribute.so/blog-post/how-to-use-dropbox-for-lead-magnet,"Oct 1, 2023"
How to Use a Lead Magnet Effectively for Growth and Success,"11
MIN READ",https://www.distribute.so/blog-post/how-to-use-a-lead-magnet,"Oct 1, 2023"
How to Set Up an Ebook Lead Magnet,"12
MIN READ",https://www.distribute.so/blog-post/how-to-set-up-a-ebook-lead-magnet,"Oct 1, 2023"
How to Promote Your eBook Lead Magnet,"12
MIN READ",https://www.distribute.so/blog-post/how-to-promote-your-ebook-lead-magnet,"Oct 1, 2023"
How to Make a Lead Magnet for Your Website,"11
MIN READ",https://www.distribute.so/blog-post/how-to-make-a-lead-magnet-for-website,"Oct 1, 2023"
How to Increase Interest from a Lead Magnet,"11
MIN READ",https://www.distribute.so/blog-post/how-to-increase-interest-from-a-lead-magnet,"Oct 1, 2023"
How to Deliver Lead Magnet with Thrive Themes,"16
MIN READ",https://www.distribute.so/blog-post/how-to-deliver-lead-magnet-thrive-themes,"Oct 1, 2023"
A Step-by-Step Guide in Creating A Lead Magnet,"15
MIN READ",https://www.distribute.so/blog-post/how-to-create-lead-magnet,"Oct 1, 2023"
How to Create Content for a Lead Magnet,"15
MIN READ",https://www.distribute.so/blog-post/how-to-create-content-for-a-lead-magnet,"Oct 1, 2023"
How to Create a Lead Magnet Website Visitors Will Love,"12
MIN READ",https://www.distribute.so/blog-post/how-to-create-a-lead-magnet-website-visitors,"Oct 1, 2023"
How to Create the Perfect Lead Magnet,"10
MIN READ",https://www.distribute.so/blog-post/how-to-create-a-lead-magnet-perfect-lead-magnet,"Oct 1, 2023"
How to Create and Design a Lead Magnet,"14
MIN READ",https://www.distribute.so/blog-post/how-to-create-a-lead-magnet-lead-magnet-design,"Oct 1, 2023"
How to Create a Lead Magnet for Your Ideal Customer,"13
MIN READ",https://www.distribute.so/blog-post/how-to-create-a-lead-magnet-ideal-customer,"Oct 1, 2023"
How to Create a Lead Magnet for WordPress Template,"12
MIN READ",https://www.distribute.so/blog-post/how-to-create-a-lead-magnet-for-wordpress-template,"Oct 1, 2023"
How to Create a Lead Magnet and Buy Lead Magnets,"12
MIN READ",https://www.distribute.so/blog-post/how-to-create-a-lead-magnet-buy-lead-magnets,"Oct 1, 2023"
How to Create a Converting Lead Magnet,"12
MIN READ",https://www.distribute.so/blog-post/how-to-create-a-converting-lead-magnet,"Oct 1, 2023"
How to Connect a Permanent Magnet Motor Lead Connections,"11
MIN READ",https://www.distribute.so/blog-post/how-to-connect-a-permanent-magnet-motor-lead-connections,"Oct 1, 2023"
How to Add Popover Lead Magnet in Squarespace,"11
MIN READ",https://www.distribute.so/blog-post/how-to-add-popover-lead-magnet-in-squarespace,"Oct 1, 2023"
How to Add a Lead Magnet to GetResponse,"15
MIN READ",https://www.distribute.so/blog-post/how-to-add-lead-magnet-to-getresponse,"Oct 1, 2023"
How to Add a Lead Magnet to Wix,"11
MIN READ",https://www.distribute.so/blog-post/how-to-add-a-lead-magnet-to-wix,"Oct 1, 2023"
How Much to Charge for a Lead Magnet Ebook,"10
MIN READ",https://www.distribute.so/blog-post/how-much-to-charge-for-a-lead-magnet-ebook,"Oct 1, 2023"
How to Get Traffic to Lead Magnet by Russell Brunson,"12
MIN READ",https://www.distribute.so/blog-post/how-get-traffic-to-lead-magnet-russell-brunson,"Oct 1, 2023"
Creating an Effective Lead Magnet for a Mom Blog,"12
MIN READ",https://www.distribute.so/blog-post/good-lead-magnet-for-mom-blog,"Oct 1, 2023"
Creating an eBook Cover for Your Lead Magnet,"10
MIN READ",https://www.distribute.so/blog-post/ebook-cover-for-lead-magnet,"Oct 1, 2023"
Done For You Lead Magnet: A Comprehensive Guide,"12
MIN READ",https://www.distribute.so/blog-post/done-for-you-lead-magnet,"Oct 1, 2023"
Best WordPress Plugin for Lead Magnet,"11
MIN READ",https://www.distribute.so/blog-post/best-wordpress-plugin-for-lead-magnet,"Oct 1, 2023"
Creating the Best Lead Magnet for Property Management,"15
MIN READ",https://www.distribute.so/blog-post/best-lead-magnet-for-property-management,"Oct 1, 2023"
Best Lead Magnet for Facebook Ads,"11
MIN READ",https://www.distribute.so/blog-post/best-lead-magnet-for-facebook-ads,"Oct 1, 2023"
Lead Magnet Ideas for Realtors,MIN READ,https://www.distribute.so/blog-post/lead-magnet-ideas-for-realtors,"Oct 1, 2023"
Creating a Lead Magnet for Web Design: A Comprehensive Guide,MIN READ,https://www.distribute.so/blog-post/lead-magnet-for-web-design,"Oct 1, 2023"
Creating an Effective Lead Magnet for Accountants,MIN READ,https://www.distribute.so/blog-post/lead-magnet-for-accountants,"Oct 1, 2023"
How to Set Up a Lead Magnet on WordPress,MIN READ,https://www.distribute.so/blog-post/how-to-set-up-a-lead-magnet-on-wordpress,"Oct 1, 2023"
How to Promote Your Lead Magnet,MIN READ,https://www.distribute.so/blog-post/how-to-promote-your-lead-magnet,"Oct 1, 2023"
A Step-by-Step Guide on How to Promote a Lead Magnet,MIN READ,https://www.distribute.so/blog-post/how-to-promote-a-lead-magnet,"Oct 1, 2023"
How to Create a PDF Lead Magnet,MIN READ,https://www.distribute.so/blog-post/how-to-create-a-pdf-lead-magnet,"Oct 1, 2023"
How to Create a Lead Magnet with Leadpages,MIN READ,https://www.distribute.so/blog-post/how-to-create-a-lead-magnet-leadpages,"Oct 1, 2023"
How to Create a Good Lead Magnet,MIN READ,https://www.distribute.so/blog-post/how-to-create-a-good-lead-magnet,"Oct 1, 2023"
"How to Build a Lead Magnet Fast, Easy, and Effective",MIN READ,https://www.distribute.so/blog-post/how-to-build-a-lead-magnet,"Oct 1, 2023"
How to Create a Great Free Video Gift for Lead Magnet,MIN READ,https://www.distribute.so/blog-post/make-a-great-free-video-gift-for-lead-magnet,"Oct 1, 2023"
Lead Magnets for Conversion: Creating Great Lead Magnets,MIN READ,https://www.distribute.so/blog-post/lead-magnets-for-conversion-great-lead-magnet,"Oct 1, 2023"
Creating an Effective Shopify Lead Magnet,MIN READ,https://www.distribute.so/blog-post/shopify-lead-magnet,"Oct 1, 2023"
Creating a Successful Real Estate Lead Magnet,MIN READ,https://www.distribute.so/blog-post/real-estate-lead-magnet,"Oct 1, 2023"
Real Estate Lead Magnet Templates,MIN READ,https://www.distribute.so/blog-post/real-estate-lead-magnet-templates,"Oct 1, 2023"
Crafting a Successful Lead Magnet and Tripwire Strategy,MIN READ,https://www.distribute.so/blog-post/lead-magnet-tripwire,"Oct 1, 2023"
Creating a Successful Mailchimp Lead Magnet,MIN READ,https://www.distribute.so/blog-post/mailchimp-lead-magnet,"Oct 1, 2023"
Understanding Lead Magnet vs Landing Page,MIN READ,https://www.distribute.so/blog-post/lead-magnet-vs-landing-page,"Oct 1, 2023"
Create a Winning PDF Lead Magnet Boosting Online Business,MIN READ,https://www.distribute.so/blog-post/pdf-lead-magnet,"Oct 1, 2023"
Understanding and Utilizing Lead Magnet Tools,MIN READ,https://www.distribute.so/blog-post/lead-magnet-tools,"Oct 1, 2023"
Creating an Effective LinkedIn Lead Magnet,MIN READ,https://www.distribute.so/blog-post/linkedin-lead-magnet,"Oct 1, 2023"
A Guide to Free Lead Magnet Templates,MIN READ,https://www.distribute.so/blog-post/lead-magnet-templates-free,"Oct 1, 2023"
Crafting Compelling Lead Magnet Titles,MIN READ,https://www.distribute.so/blog-post/lead-magnet-titles,"Oct 1, 2023"
Lead Magnet Software: Enhancing Your Marketing Strategy,MIN READ,https://www.distribute.so/blog-post/lead-magnet-software,"Oct 1, 2023"
Creating a High-Converting Lead Magnet Opt-In Page,MIN READ,https://www.distribute.so/blog-post/lead-magnet-opt-in-page,"Oct 1, 2023"
Lead Magnet Templates: A Comprehensive Guide,MIN READ,https://www.distribute.so/blog-post/lead-magnet-templates,"Oct 1, 2023"
Creating an Effective Lead Magnet on Squarespace,MIN READ,https://www.distribute.so/blog-post/lead-magnet-squarespace,"Oct 1, 2023"
Creating an Effective Lead Magnet Landing Page,MIN READ,https://www.distribute.so/blog-post/lead-magnet-landing-page,"Oct 1, 2023"
Understanding and Implementing a Lead Magnet Funnel,MIN READ,https://www.distribute.so/blog-post/lead-magnet-funnel,"Oct 1, 2023"
Crafting the Perfect Lead Magnet Email Template,MIN READ,https://www.distribute.so/blog-post/lead-magnet-email-template,"Oct 1, 2023"
Create A Lead Magnet Quiz Boosting Online Marketing Strategy,MIN READ,https://www.distribute.so/blog-post/lead-magnet-quiz,"Oct 1, 2023"
Lead Magnet Landing Page Examples,MIN READ,https://www.distribute.so/blog-post/lead-magnet-landing-page-examples,"Oct 1, 2023"
Creating a Successful Lead Magnet Ebook,MIN READ,https://www.distribute.so/blog-post/lead-magnet-ebook,"Oct 1, 2023"
Guide to Becoming a Successful Lead Magnet Creator,MIN READ,https://www.distribute.so/blog-post/lead-magnet-creator,"Oct 1, 2023"
